ps_setid,ps_pokeid,ps_playerid,ps_k,ps_d,ps_streak,ps_tera
27,1106,28,1,1,0,
27,1105,28,1,1,0,
27,1112,28,0,1,0,
27,1104,28,0,1,0,
27,1113,28,1,1,0,
27,1110,28,0,1,0,
27,1036,21,1,1,0,
27,1037,21,0,1,0,
27,1041,21,2,1,0,
27,1032,21,1,0,0,
27,1033,21,0,1,0,
27,1039,21,1,0,0,
28,1106,28,1,1,0,
28,1105,28,2,1,2,
28,1112,28,0,1,0,
28,1104,28,1,1,0,
28,1110,28,0,1,0,
28,1108,28,1,1,0,
28,1036,21,0,1,0,
28,1037,21,1,1,0,
28,1041,21,2,1,0,
28,1032,21,1,0,0,
28,1039,21,0,1,0,
28,1033,21,1,1,0,
29,1123,29,0,1,0,
29,1114,29,3,1,2,
29,1120,29,0,0,0,
29,1117,29,2,1,0,
29,1119,29,1,0,0,
29,1115,29,0,0,0,
29,980,16,0,1,0,
29,986,16,2,1,0,
29,984,16,0,1,0,
29,987,16,1,1,0,
29,985,16,0,1,0,
29,988,16,0,1,0,
30,1123,29,0,0,0,
30,1114,29,6,0,4,
30,1120,29,0,0,0,
30,1117,29,0,0,0,
30,1119,29,0,0,0,
30,1115,29,0,0,0,
30,980,16,0,1,0,
30,986,16,0,1,0,
30,984,16,0,1,0,
30,987,16,0,1,0,
30,985,16,0,1,0,
30,988,16,0,1,0,
31,1135,31,1,1,0,
31,1136,31,0,1,0,
31,1139,31,1,1,0,
31,1140,31,0,1,0,
31,1144,31,1,1,0,
31,1141,31,0,1,0,
31,1030,20,2,1,0,
31,1026,20,0,1,0,
31,1024,20,0,0,0,
31,1027,20,0,0,0,
31,1021,20,0,1,0,
32,1135,31,0,0,0,
32,1136,31,1,0,0,
32,1139,31,0,0,0,
32,1140,31,1,1,0,
32,1144,31,0,0,0,
32,1141,31,4,0,2,
32,1028,20,0,1,0,
32,1030,20,1,1,0,
32,1026,20,0,1,0,
32,1024,20,0,1,0,
32,1027,20,0,1,0,
32,1021,20,0,1,0,
33,1135,31,0,1,0,
33,1136,31,0,1,0,
33,1140,31,0,1,0,
33,1144,31,0,1,0,
33,1141,31,0,1,0,
33,1142,31,0,1,0,Steel
33,1028,20,6,0,3,Steel
33,1030,20,0,0,0,
33,1026,20,0,0,0,
33,1024,20,0,0,0,
33,1027,20,0,0,0,
33,1021,20,0,0,0,
31,1028,20,4,0,2,Steel
34,1053,23,0,1,0,
34,1057,23,0,1,0,
34,1058,23,0,1,0,
34,1059,23,0,1,0,
34,1060,23,0,1,0,
34,1061,23,2,1,0,Water
34,990,17,1,0,0,
34,991,17,1,0,0,
34,998,17,0,1,0,
34,997,17,0,0,0,
34,993,17,4,0,2,
34,989,17,0,1,0,
35,1053,23,0,1,0,
35,1057,23,1,1,0,
35,1058,23,0,1,0,
35,1059,23,2,1,2,
35,1060,23,0,1,0,
35,990,17,2,1,0,
35,991,17,0,0,0,
35,998,17,0,1,0,
35,997,17,3,0,2,
35,993,17,0,0,0,
35,989,17,1,1,0,
35,1061,23,0,1,0,Water
36,999,18,1,0,0,
36,1002,18,0,1,0,
36,1000,18,0,1,0,
36,1001,18,1,0,0,
36,1007,18,0,0,0,
36,1008,18,4,0,2,Water
36,1011,19,0,1,0,
36,1010,19,0,2,0,
36,1013,19,0,1,0,
36,1015,19,2,1,0,
36,1017,19,0,1,0,Fire
36,1019,19,0,1,0,
37,999,18,3,0,3,
37,1002,18,0,1,0,
37,1000,18,1,0,0,
37,1001,18,1,0,0,
37,1007,18,0,1,0,
37,1008,18,1,0,0,Water
37,1012,19,1,1,0,
37,1010,19,1,1,0,
37,1013,19,0,1,0,
37,1015,19,0,1,0,
37,1018,19,0,1,0,
37,1019,19,0,1,0,
38,1126,30,0,0,0,
38,1124,30,2,1,2,
38,1127,30,0,1,0,
38,1131,30,2,0,0,
38,1133,30,1,1,0,
38,1129,30,0,0,0,
38,1094,27,1,1,0,
38,1103,27,0,1,0,
38,1098,27,0,1,0,
38,1102,27,0,1,0,
38,1095,27,1,1,0,
38,1096,27,1,1,0,
39,1126,30,0,0,0,
39,1124,30,6,0,2,
39,1127,30,0,0,0,
39,1131,30,0,0,0,
39,1133,30,0,0,0,
39,1129,30,0,0,0,
39,1094,27,0,1,0,
39,1098,27,0,1,0,
39,1102,27,0,1,0,Fighting
39,1095,27,0,1,0,
39,1096,27,0,1,0,
39,1101,27,0,1,0,
40,1067,24,0,1,0,
40,1069,24,0,1,0,
40,1065,24,0,1,0,
40,1070,24,0,1,0,Poison
40,1063,24,0,1,0,
40,1072,24,0,1,0,
40,1073,25,0,0,0,
40,1076,25,0,0,0,
40,1077,25,0,0,0,
40,1079,25,0,0,0,
40,1080,25,6,0,4,
40,1081,25,0,0,0,
41,1067,24,2,1,0,
41,1069,24,0,1,0,
41,1065,24,1,1,0,
41,1070,24,0,1,0,Poison
41,1063,24,0,1,0,
41,1072,24,1,1,0,
41,1073,25,1,1,0,
41,1076,25,1,0,0,
41,1077,25,0,0,0,
41,1079,25,3,1,2,
41,1080,25,1,1,0,
41,1081,25,0,1,0,
42,1086,26,1,1,0,
42,1085,26,0,1,0,
42,1084,26,0,0,0,
42,1089,26,2,0,2,
42,1091,26,1,0,0,
42,1092,26,2,1,0,Steel
42,1044,22,0,1,0,
42,1043,22,0,1,0,
42,1042,22,2,1,0,
42,1046,22,0,1,0,
42,1050,22,0,1,0,Ice
42,1048,22,1,1,0,
43,1086,26,0,1,0,
43,1085,26,0,1,0,
43,1084,26,0,1,0,
43,1089,26,0,1,0,
43,1091,26,0,1,0,
43,1092,26,2,1,0,Steel
43,1044,22,0,0,0,
43,1043,22,0,0,0,
43,1042,22,5,1,3,
43,1046,22,0,0,0,
43,1050,22,1,0,0,
43,1048,22,0,1,0,
44,1086,26,0,1,0,
44,1085,26,1,1,0,
44,1084,26,1,1,0,
44,1089,26,1,1,0,
44,1091,26,0,1,0,
44,1092,26,0,1,0,Steel
44,1044,22,0,1,0,
44,1043,22,0,0,0,
44,1042,22,5,0,2,
44,1046,22,0,1,0,
44,1050,22,0,0,0,
44,1048,22,1,1,0,
45,1052,23,0,0,0,
45,1053,23,1,0,0,
45,1054,23,2,0,2,
45,1058,23,1,1,0,
45,1060,23,0,1,0,
45,1061,23,2,1,0,Ground
45,1135,31,1,1,0,
45,1136,31,1,1,0,
45,1137,31,1,1,0,
45,1143,31,0,1,0,Steel
45,1142,31,0,1,0,
45,1140,31,0,1,0,
46,1053,23,3,0,2,
46,1052,23,1,1,0,
46,1054,23,0,0,0,
46,1058,23,2,1,2,
46,1060,23,0,1,0,
46,1061,23,0,0,0,
46,1135,31,2,1,0,
46,1136,31,0,1,0,
46,1137,31,0,1,0,
46,1142,31,0,1,0,Dragon
46,1143,31,1,1,0,
46,1140,31,0,1,0,
47,990,17,0,1,0,
47,992,17,1,1,0,
47,998,17,2,1,0,
47,997,17,1,1,0,
47,993,17,0,1,0,
47,989,17,0,1,0,
47,1036,21,0,0,0,
47,1037,21,1,1,0,
47,1041,21,0,1,0,
47,1032,21,3,0,3,
47,1034,21,2,1,0,
47,1039,21,0,1,0,
48,990,17,2,1,2,
48,992,17,0,1,0,
48,998,17,0,1,0,
48,997,17,2,0,0,
48,989,17,0,0,0,
48,991,17,1,0,0,
48,1041,21,2,1,0,
48,1037,21,0,1,0,
48,1036,21,1,1,0,
48,1032,21,0,1,0,
48,1034,21,0,1,0,
48,1039,21,0,1,0,Normal
49,990,17,0,1,0,
49,992,17,0,1,0,
49,998,17,0,1,0,Ground
49,997,17,2,1,0,
49,989,17,0,1,0,
49,994,17,1,1,0,
49,1036,21,2,1,0,
49,1037,21,0,0,0,
49,1041,21,0,0,0,
49,1032,21,3,0,2,
49,1034,21,1,1,0,
49,1040,21,0,1,0,Water
50,1106,28,6,0,6,
50,1104,28,0,0,0,
50,1108,28,0,0,0,
50,1105,28,0,0,0,
50,1111,28,0,0,0,
50,1110,28,0,0,0,
50,980,16,0,1,0,
50,986,16,0,1,0,
50,984,16,0,1,0,
50,987,16,0,1,0,
50,985,16,0,1,0,
50,988,16,0,1,0,
51,1106,28,0,1,0,
51,1104,28,5,1,5,
51,1108,28,0,0,0,
51,1105,28,1,0,0,
51,1111,28,0,0,0,
51,1110,28,0,0,0,
51,980,16,0,1,0,
51,986,16,1,1,0,
51,984,16,0,1,0,
51,987,16,0,1,0,
51,985,16,0,1,0,
51,988,16,0,1,0,
52,1007,18,1,0,0,
52,1002,18,0,0,0,
52,1001,18,0,0,0,
52,1004,18,0,0,0,
52,1008,18,5,0,3,Fairy
52,999,18,0,0,0,
52,1084,26,0,1,0,
52,1086,26,0,1,0,
52,1088,26,0,1,0,
52,1089,26,0,1,0,
52,1091,26,0,1,0,Water
52,1093,26,0,1,0,
53,1007,18,0,0,0,
53,1002,18,0,1,0,
53,1001,18,4,1,2,
53,1004,18,0,0,0,
53,1008,18,2,0,0,Fairy
53,999,18,0,1,0,
53,1084,26,1,1,0,
53,1086,26,1,1,0,
53,1088,26,0,1,0,
53,1089,26,0,1,0,
53,1091,26,0,1,0,
53,1093,26,1,1,0,Steel
54,1073,25,3,1,0,
54,1074,25,0,1,0,
54,1076,25,1,1,0,
54,1079,25,0,1,0,
54,1080,25,0,1,0,
54,1081,25,0,1,0,
54,1124,30,0,0,0,
54,1128,30,2,0,2,
54,1129,30,3,1,2,
54,1131,30,1,1,0,
54,1133,30,0,1,0,Fire
54,1132,30,0,1,0,
55,1073,25,3,0,3,
55,1074,25,1,1,0,
55,1076,25,0,0,0,
55,1079,25,1,1,0,
55,1082,25,0,1,0,
55,1081,25,0,0,0,
55,1124,30,0,1,0,
55,1128,30,1,1,0,
55,1129,30,1,1,0,
55,1131,30,1,1,0,
55,1133,30,0,1,0,Fire
55,1132,30,0,1,0,
56,1073,25,1,1,0,
56,1074,25,2,1,0,
56,1076,25,1,1,0,
56,1079,25,0,1,0,
56,1082,25,1,1,0,
56,1081,25,0,1,0,
56,1124,30,3,1,3,
56,1128,30,2,0,0,
56,1129,30,0,1,0,
56,1131,30,0,1,0,
56,1133,30,0,1,0,Poison
56,1132,30,1,1,0,
